
[[927, 601, 856, 610, 535, 736, 496, 1116, 492, 403],
[1011, 626, 896, 664, 582, 753, 553, 1188, 533, 443], 
[978, 614, 899, 627, 561, 739, 552, 1195, 515, 420], 
[937, 590, 876, 598, 545, 716, 537, 1209, 492, 405], 
[987, 600, 923, 661, 551, 744, 565, 1267, 473, 411], 
[991, 563, 899, 625, 554, 751, 583, 1281, 487, 431], 
[983, 568, 911, 612, 541, 708, 574, 1226, 460, 404], 
[951, 559, 892, 573, 503, 688, 572, 1254, 468, 393], 
[945, 558, 979, 613, 566, 707, 580, 1274, 497, 432], 
[957, 590, 955, 617, 564, 693, 587, 1268, 499, 419], 
[967, 553, 943, 615, 582, 698, 604, 1240, 521, 433], 
[939, 555, 931, 624, 562, 703, 631, 1242, 502, 450]]
